% Model:              FEM_BEM_model_stl_TwoProlSpheroids_1target.mph
% Version:            COMSOL 6.3.0.335
% Date:               Oct 3 2025, 18:10
% Table:              Table 2 - TS_D_far
% f0 (1/s)               freq (Hz)                TS_Global_var_Point      Ps_Global_var_Point
500                                               500                                               -63.08424255264981                                -3.496615220088817E-4+6.076972313029394E-4i
750                                               750                                               -54.629944773329264                               0.0018556471102493255-1.081198812380888E-5i
1000                                              1000                                              -47.17074168385543                                -0.002259101658827478-0.003752315378258153i
1250                                              1250                                              -38.554964588407714                               -0.0052617478997374345+0.010573141069325498i
1500                                              1500                                              -19.063299992073798                               0.0795903710520185-0.07792602122947885i
1750                                              1750                                              -32.325751812429175                               0.008189038395534087+0.022766247932271i
2000                                              2000                                              -37.114536207240135                               0.008333172494298657-0.011175471242902413i
2250                                              2250                                              -39.339915802832216                               -0.01073350652450733-0.0010984978633248187i
2500                                              2500                                              -40.64473210033859                                0.0038369822844663837+0.00845466984824017i
2750                                              2750                                              -41.499964070679134                               0.004895170877466937-0.0068434250348081704i
3000                                              3000                                              -42.10015411118697                                -0.007813633567693712-7.774591191826454E-4i
3250                                              3250                                              -42.5417979956207                                 0.0030525388979851797+0.006810104128618377i
3500                                              3500                                              -42.8785004865994                                 0.004227268968118314-0.005802659234782626i
3750                                              3750                                              -43.14246092236803                                -0.006921967440143284-7.666327492818531E-4i
4000                                              4000                                              -43.354170784803266                               0.0027006455994987855+0.00623700502149771i
4250                                              4250                                              -43.52726622301283                                0.0039975051494139935-0.005329985913454793i
4500                                              4500                                              -43.67115357114158                                -0.00650186342079917-8.173169034955761E-4i
4750                                              4750                                              -43.79251439270806                                0.002476161150011258+0.005968875849360344i
5000                                              5000                                              -43.89621349853556                                0.003912012239501439-0.005046753604187604i
5250                                              5250                                              -43.98586935954026                                -0.006256800634446558-8.904526784729236E-4i
5500                                              5500                                              -44.0642215670193                                 0.0023031651094185257+0.005824240331930852i
5750                                              5750                                              -44.133378250254545                               0.003889372958343351-0.004845558071153722i
6000                                              6000                                              -44.194984479960475                               -0.006092097792287365-9.742773072227457E-4i
6250                                              6250                                              -44.25034012067837                                0.0021545915046911057+0.0057392101020792285i
6500                                              6500                                              -44.30048373489227                                0.0038985031215299504-0.004685195645948159i
6750                                              6750                                              -44.346253476372354                               -0.005968907687853298-0.0010639873296456968i
7000                                              7000                                              -44.388378279248386                               0.002018682805665639+0.005685948910583161i
7250                                              7250                                              -44.4274324736451                                 0.003925056436512864-0.004546770259916677i
7500                                              7500                                              -44.46375798011612                                -0.0058685262188162834-0.0011571822674216355i
7750                                              7750                                              -44.497748024391086                               0.0018896494556358556+0.005650572271909127i
8000                                              8000                                              -44.52882122591692                                0.003962322025574672-0.004421160109691069i
8250                                              8250                                              -44.55918055739916                                -0.005781984695085729-0.0012529059039289895i
8500                                              8500                                              -44.588091885476786                               0.0017644853860854237+0.005626320303409038i
8750                                              8750                                              -44.61576863901814                                0.004004986651592879-0.004302104116937766i
9000                                              9000                                              -44.64216233481396                                -0.00570233800108455-0.0013498276766264333i
9250                                              9250                                              -44.667419768930436                               0.0016412580134406163+0.005607659072831561i
9500                                              9500                                              -44.69185580040207                                0.004051569654758835-0.0041872187707625574i
9750                                              9750                                              -44.715947358664856                               -0.005627078918124528-0.0014478268348730148i
10000                                             10000                                             -44.73942966437461                                0.0015189715320690356+0.005592038649759878i
10250                                             10250                                             -44.7623589721034                                 0.004099446973218623-0.004073805451892953i
10500                                             10500                                             -44.784849605344725                               -0.005553227324583965-0.001546122726491645i
10750                                             10750                                             -44.80694734294879                                0.0013969702648081173+0.00557751360641956i
11000                                             11000                                             -44.828685304953936                               0.004147996743725235-0.003960964856697391i
11250                                             11250                                             -44.85012073120252                                -0.005479810847958122-0.0016446375236130737i
11500                                             11500                                             -44.87132304624757                                0.001274884673591048+0.005563129901886565i
11750                                             11750                                             -44.892299488004824                               0.004196489784846769-0.003847891206854026i
12000                                             12000                                             -44.91310225264685                                -0.005405862065155365-0.00174314170478429i
12250                                             12250                                             -44.933771194829845                               0.0011524759943370988+0.005548018634587981i
12500                                             12500                                             -44.95429891241621                                0.004244344279469292-0.0037340117541972973i
12750                                             12750                                             -44.9747390991259                                 -0.005330701813005545-0.0018414303722576826i
13000                                             13000                                             -44.994937399926435                               0.0010296125294517733+0.005531686814969072i
13250                                             13250                                             -45.01525243010822                                0.004291228535996394-0.0036190150312753744i
13500                                             13500                                             -45.03552402949496                                -0.005253947477334986-0.001939381960079372i
13750                                             13750                                             -45.0557676949027                                 9.062359869943526E-4+0.005513441876664471i
14000                                             14000                                             -45.076019385177645                               0.004336610818150843-0.0035025520714493386i
14250                                             14250                                             -45.09626358231654                                -0.005175073110519346-0.002036705961761623i
14500                                             14500                                             -45.11653331626246                                7.823457681077617E-4+0.005493038092196922i
14750                                             14750                                             -45.136839595058646                               0.004380287178332165-0.0033845249149344614i
15000                                             15000                                             -45.15719963448525                                -0.005093897531061042-0.002133264457892534i
15250                                             15250                                             -45.17763024776475                                6.579878080475998E-4+0.005470148352781923i
15500                                             15500                                             -45.1981570276118                                 0.004421919448488465-0.003264806852487645i
15750                                             15750                                             -45.21879741489897                                -0.005010141077327335-0.0022288056338178853i
16000                                             16000                                             -45.23956207372844                                5.332569917276819E-4+0.00544438249817647i
16250                                             16250                                             -45.26049736261833                                0.004461103276937051-0.00314329619766629i
16500                                             16500                                             -45.281631687918846                               -0.004923498831888029-0.002323001521972916i
16750                                             16750                                             -45.30302799324979                                4.0831134008045833E-4+0.0054152382063021864i
17000                                             17000                                             -45.324738328306644                               0.0044972176706958855-0.0030198503729816917i
17250                                             17250                                             -45.3468209659019                                 -0.004833432819506545-0.00241527652515576i
17500                                             17500                                             -45.36939831906782                                2.834145045454983E-4+0.005381814409427532i
17750                                             17750                                             -45.3926129930354                                 0.004529129598532244-0.002894200573155814i
18000                                             18000                                             -45.416672799979594                               -0.004738891946698409-0.002504538056693498i
18250                                             18250                                             -45.44183805388188                                1.591662420558082E-4+0.005342141891573338i
18500                                             18500                                             -45.468629927160656                               0.004554051121652414-0.002765639688689925i
18750                                             18750                                             -45.4975657863105                                 -0.004637054337602864-0.0025879253857783477i
19000                                             19000                                             -45.52983436526624                                3.701263811550781E-5+0.005290511391103925i
19250                                             19250                                             -45.56737167985085                                0.004563350064912264-0.0026316964590766823i
19500                                             19500                                             -45.61395151596527                                -0.004517099849377093-0.002655138336016588i
19750                                             19750                                             -45.6780499990778                                 -7.677878803291627E-5+0.005200560765372675i
20000                                             20000                                             -45.78333656743653                                0.0045027023184318615-0.0024757758959437215i
20250                                             20250                                             -46.02868006069912                                -0.004264500651879333-0.0026014542788821617i
20500                                             20500                                             -48.143520700962426                               7.39044148101442E-7+0.003915831153511462i
20750                                             20750                                             -44.702679172025                                  0.005237792094731075-0.0025355576632302146i
21000                                             21000                                             -45.203201781459285                               -0.004558961929157501-0.0030648209284026445i
21250                                             21250                                             -45.35215612311742                                -3.948953690574575E-4+0.005385522013512389i
21500                                             21500                                             -45.43049028201696                                0.0048333078053408585-0.00229732064019883i
21750                                             21750                                             -45.482531211287515                               -0.004357533659293811-0.003051118301388771i
22000                                             22000                                             -45.52178964447815                                -5.019775372566704E-4+0.0052716977016809i
22250                                             22250                                             -45.553766531000655                               0.004815805695970732-0.0021552434444960245i
22500                                             22500                                             -45.58113023110132                                -0.004236241262661755-0.003117126323903447i
22750                                             22750                                             -45.60529085186192                                -6.21692939162255E-4+0.005207902801096509i
23000                                             23000                                             -45.62702133684781                                0.004825498461014099-0.002021390235512621i
23250                                             23250                                             -45.646791875726706                               -0.004128047060819595-0.0031947395062112876i
23500                                             23500                                             -45.66490825106422                                -7.431989762107793E-4+0.00515571188326458i
23750                                             23750                                             -45.68146633026774                                0.004842903249288599-0.0018912281167959843i
24000                                             24000                                             -45.69653159377481                                -0.00402584596153055-0.003275578777054884i
24250                                             24250                                             -45.71002184864181                                -8.637862918575712E-4+0.0051095188231042865i
24500                                             24500                                             -45.72175651678559                                0.00486458628653208-0.001765403558717793i
24750                                             24750                                             -45.73155816300251                                -0.003930321587630736-0.0033575359721784103i
25000                                             25000                                             -45.73890339638277                                -9.810737510662637E-4+0.005070780578003697i
25250                                             25250                                             -45.743260947573354                               0.004892059975633578-0.001648125892100838i
25500                                             25500                                             -45.74355331476965                                -0.003848513813081711-0.003440307728920366i
25750                                             25750                                             -45.738079690543216                               -0.0010897643142493418+0.005049039015175838i
26000                                             26000                                             -45.72391032342569                                0.004934838981257572-0.0015540062733743198i
26250                                             26250                                             -45.6954317620849                                 -0.003809418931499664-0.0035259044142239887i
26500                                             26500                                             -45.640642374743514                               -0.0011672679442187306+0.005091485753738745i
26750                                             26750                                             -45.5280754254925                                 0.005053107435856741-0.0015710903420562694i
27000                                             27000                                             -45.24122815051431                                -0.004088662387286002-0.0036327710576139955i
27250                                             27250                                             -43.700570529210395                               -4.782666342850739E-4+0.0065133408734319165i
27500                                             27500                                             -48.11824969091184                                0.003927240200388149-1.8990176486877175E-6i
27750                                             27750                                             -46.765274479510126                               -0.00285407928430903-0.003593733340841791i
28000                                             28000                                             -46.491966931778556                               -0.0016476441907553596+0.004440036886771415i
28250                                             28250                                             -46.381685719191566                               0.004725872590766178-8.195212563677501E-4i
28500                                             28500                                             -46.32623640399529                                -0.0030839725325249034-0.00371351719784753i
28750                                             28750                                             -46.29573795471687                                -0.001701879341603485+0.00453529621544102i
29000                                             29000                                             -46.27848463392713                                0.004792991839169813-7.654677524837616E-4i
29250                                             29250                                             -46.26922425615944                                -0.0030358668643704068-0.003793746356133589i
29500                                             29500                                             -46.2650186350887                                 -0.0018029518027956604+0.004514558382212597i
29750                                             29750                                             -46.264162178508634                               0.004817102171980614-6.573127647846455E-4i
30000                                             30000                                             -46.265646146378934                               -0.0029452781925898286-0.0038670136590988305i
30250                                             30250                                             -46.26878078963472                                -0.0019137140503749928+0.00446644248256467i
30500                                             30500                                             -46.273083983865035                               0.00482733327977769-5.337411475514475E-4i
30750                                             30750                                             -46.278289008161764                               -0.0028396026145960374-0.0039365505021325495i
31000                                             31000                                             -46.28413245753001                                -0.002027377345489856+0.004406567316284082i
31250                                             31250                                             -46.29044666260438                                0.004830208365386168-4.0373126272141846E-4i
31500                                             31500                                             -46.29708585937998                                -0.002726413136427963-0.004003085653556362i
31750                                             31750                                             -46.30398866636304                                -0.00214164657056648+0.004339829263350081i
32000                                             32000                                             -46.31103429889863                                0.004828001426535056-2.7056457844731874E-4i
32250                                             32250                                             -46.31819964294873                                -0.0026086625630639126-0.004066833602811403i
32500                                             32500                                             -46.3253691375143                                 -0.0022555374831478847+0.00426829015071073i
32750                                             32750                                             -46.33263654182605                                0.004821655696868321-1.3571914471710578E-4i
33000                                             33000                                             -46.339929718389655                               -0.0024877591859207016-0.004127807903301053i
33250                                             33250                                             -46.34720891814779                                -0.00236837428517489+0.004192809051217772i
33500                                             33500                                             -46.35448164438537                                0.004811449343505858-4.528065700171169E-8i
33750                                             33750                                             -46.36175928390983                                -0.002364398297433068-0.00418579795788928i
34000                                             34000                                             -46.36905542072792                                -0.002479729097915051+0.0041138100526527666i
34250                                             34250                                             -46.37639979209537                                0.004797397245276391+1.359566588254868E-4i
34500                                             34500                                             -46.383836370343374                               -0.0022388941987583344-0.004240453981832168i
34750                                             34750                                             -46.391450527700144                               -0.002589082639975482+0.004031187144315496i
35000                                             35000                                             -46.39932456924096                                0.004778942528343988+2.7193373678402466E-4i
35250                                             35250                                             -46.40766671142256                                -0.002111034333396322-0.004290897921655739i
35500                                             35500                                             -46.41680408479012                                -0.0026955828798441717+0.003943861124222625i
35750                                             35750                                             -46.427164805599546                               0.004753896139297886+4.0780279348395787E-4i
36000                                             36000                                             -46.43961518971919                                -0.001979016838760117-0.004334068780338401i
36250                                             36250                                             -46.4559709158096                                 -0.0027965313311756335+0.0038463933010712825i
36500                                             36500                                             -46.48023735666708                                0.0047109115803495305+5.446365663797081E-4i
36750                                             36750                                             -46.524148823458106                               -0.001827878543703143-0.004349934873521204i
37000                                             37000                                             -46.641909605921754                               -0.002863744646519617+0.0036696700509264435i
37250                                             37250                                             -48.86395998222942                                0.003472423250217016+9.654650453716496E-4i
37500                                             37500                                             -46.09841418583744                                -0.0018538438103565813-0.004595575831309186i
37750                                             37750                                             -46.2582897855361                                 -0.0030489110590226076+0.0037911287175174113i
38000                                             38000                                             -46.306624551683115                               0.004773130541887993+7.897989154126428E-4i
38250                                             38250                                             -46.328034483871846                               -0.0016565936349632882-0.004532896302708425i
38500                                             38500                                             -46.33721327418102                                -0.003125274611417983+0.003670822195755985i
38750                                             38750                                             -46.33740448869601                                0.004734870619255149+9.067821691133293E-4i
39000                                             39000                                             -46.326630368909214                               -0.001557680815078566-0.004568655535699796i
39250                                             39250                                             -46.29316845121045                                -0.003195571138592257+0.0036424603649221066i
39500                                             39500                                             -46.16820197887411                                0.0048361150643772+8.81250100837061E-4i
39750                                             39750                                             -48.089455449153704                               0.001294040706634192-0.0037217301581292566i
40000                                             40000                                             -46.62614148395929                                -0.003400818772292258+0.0031907296252797757i
40250                                             40250                                             -46.53413858947175                                0.004526359294024229+0.0013130093714175395i
40500                                             40500                                             -46.50307088892952                                -0.0011191714503200334-0.004595524157976914i
40750                                             40750                                             -46.48815732040508                                -0.0034456992019260557+0.003251999214937129i
41000                                             41000                                             -46.47973286212824                                0.004533270474918472+0.001393337113875237i
41250                                             41250                                             -46.47446871268413                                -0.001022436499570345-0.004633986669731511i
41500                                             41500                                             -46.47095257760782                                -0.0035311055542608383+0.003173128078159948i
41750                                             41750                                             -46.468481201576196                               0.004501393138586773+0.0015125266123738879i
42000                                             42000                                             -46.46667230367907                                -8.97857720411066E-4-0.0046640672079781035i
42250                                             42250                                             -46.46534776250619                                -0.0036201438228605776+0.003075891994441804i
42500                                             42500                                             -46.46436242913866                                0.004458646704991187+0.001640775100836267i
42750                                             42750                                             -46.46379307069273                                -7.614482076034879E-4-0.004689864532215199i
43000                                             43000                                             -46.4637309268149                                 -0.0037121529819300614+0.0029656156137314316i
43250                                             43250                                             -46.464510253029864                               0.004404071572178259+0.0017818694350635322i
43500                                             43500                                             -46.46712306875131                                -5.964173662942329E-4-0.004711859115973606i
43750                                             43750                                             -46.47521593647266                                -0.0038341005587888555+0.002795533500965508i
44000                                             44000                                             -46.50278684438555                                0.004132822394620206+0.002300571514868288i
44250                                             44250                                             -46.38603192239921                                -7.346781744299591E-4-0.004737375178596114i
44500                                             44500                                             -46.4230101179634                                 -0.0038188380732717686+0.0028642794547673045i
44750                                             44750                                             -46.43000307286191                                0.00435641805026088+0.0019423130493245733i
45000                                             45000                                             -46.43194895887098                                -4.3800489629153283E-4-0.0047485701513806265i
45250                                             45250                                             -46.43209280791176                                -0.003923206734740559+0.002710804764355368i
45500                                             45500                                             -46.43133814250068                                0.004288288091267023+0.0020867560071302638i
45750                                             45750                                             -46.4301034756999                                 -2.894988256063602E-4-0.004760947665726607i
46000                                             46000                                             -46.4285082009941                                 -0.004004599489976224+0.0025926769026130003i
46250                                             46250                                             -46.4266761169059                                 0.004227428144695788+0.0022129719307373286i
46500                                             46500                                             -46.424656312397836                               -1.5188521306774838E-4-0.0047703161205227464i
46750                                             46750                                             -46.4224725472906                                 -0.004079858958874749+0.002478949925255325i
47000                                             47000                                             -46.42015306251957                                0.0041662012897264455+0.002333534629073153i
47250                                             47250                                             -46.41774939485694                                -1.771311994858138E-5-0.004776497381872107i
47500                                             47500                                             -46.41524001375664                                -0.004151012785622021+0.002365907954188229i
47750                                             47750                                             -46.41263396879622                                0.004103243977462978+0.002450616062243949i
48000                                             48000                                             -46.40998057373149                                1.1462887633539864E-4-0.004779429933682661i
48250                                             48250                                             -46.40723036724601                                -0.004218547529569183+0.002252648531625434i
48500                                             48500                                             -46.40447209108619                                0.004038200539951964+0.0025647680510887394i
48750                                             48750                                             -46.401641234920874                               2.45548243926752E-4-0.004779092680005063i
49000                                             49000                                             -46.39880220921082                                -0.004282512659103954+0.002138943891621947i
49250                                             49250                                             -46.39593360593875                                0.003970985584630937+0.00267608108126538i
49500                                             49500                                             -46.39305553028558                                3.7507510657341925E-4-0.0047754220757230004i
49750                                             49750                                             -46.39019395659757                                -0.00434288041308295+0.0020248088201335612i
50000                                             50000                                             -46.38738321493615                                0.003901620451826626+0.0027843641367042427i
50250                                             50250                                             -46.38460560206563                                5.029136334377959E-4-0.00476834380884104i
50500                                             50500                                             -46.38189100442094                                -0.0043993222306804025+0.0019105924032480903i
50750                                             50750                                             -46.37926898086202                                0.0038303146295021184+0.002889114432441664i
51000                                             51000                                             -46.37676932264504                                6.283410210139451E-4-0.004757807512100834i
51250                                             51250                                             -46.37445422957343                                -0.004451328299470703+0.001797081474769202i
51500                                             51500                                             -46.37240583959998                                0.0037576747367040753+0.0029890763500017847i
51750                                             51750                                             -46.37065049212934                                7.494417593845171E-4-0.004743664629608309i
52000                                             52000                                             -46.36932675928442                                -0.004497356526256269+0.0016866630801248839i
52250                                             52250                                             -46.36859403626114                                0.0036858989889698712+0.0030804365745595863i
52500                                             52500                                             -46.368684350588595                               8.584965471403194E-4-0.004726250593450656i
52750                                             52750                                             -46.36977530724225                                -0.004530937242330779+0.0015935096722652364i
53000                                             53000                                             -46.370958620988745                               0.0036414870478423955+0.003130807057560858i
53250                                             53250                                             -46.32924963320221                                6.682643693856072E-4-0.0047789494760051765i
53500                                             53500                                             -46.51105956245567                                -0.004578576276731416+0.0011691504830102506i
53750                                             53750                                             -46.0817350461945                                 0.003713140493358247+0.003295926419666362i
54000                                             54000                                             -46.309772022288406                               0.001101609628095801-0.00470914603626128i
54250                                             54250                                             -46.356843234135994                               -0.0046111144489546785+0.0013693368124567673i
54500                                             54500                                             -46.41281453316231                                0.003474038879749952+0.00328210822634345i
54750                                             54750                                             -46.58316285824619                                9.698685182413236E-4-0.004584970354078257i
55000                                             55000                                             -45.59047992686174                                -0.004925885714632261-0.0018271228800048611i
55250                                             55250                                             -46.042374312839115                               0.003212102840488562+0.0038154115791111387i
55500                                             55500                                             -46.13639706735028                                0.001606282717525609-0.004664984673306965i
55750                                             55750                                             -46.15445582174284                                -0.004838251194030918+9.124375615787716E-4i
56000                                             56000                                             -46.36053233194703                                0.003430896291739538+0.0033684959138136072i
56250                                             56250                                             -46.23280813189267                                0.001564163578682276-0.004621816524164965i
56500                                             56500                                             -46.227025461372115                               -0.004798031338978936+9.046614640517703E-4i
56750                                             56750                                             -46.225459674687926                               0.003150461381820624+0.0037313143425310447i
57000                                             57000                                             -46.22420249279274                                0.0016948194444643683-0.004580677369931009i
57250                                             57250                                             -46.222737658521766                               -0.004821854825942662+7.828036686585715E-4i
57500                                             57500                                             -46.220998810875614                               0.003058041368628195+0.003810643626428467i
57750                                             57750                                             -46.21895963780298                                0.001809179093104074-0.004539901384282329i
58000                                             58000                                             -46.21676513731761                                -0.004843150237837657+6.631749030150402E-4i
58250                                             58250                                             -46.21442756591985                                0.002964550557182921+0.0038884714866571635i
58500                                             58500                                             -46.21207336621109                                0.0019230604830444697-0.004497062678654935i
58750                                             58750                                             -46.209818873202344                               -0.004862003922967428+5.432067689770115E-4i
59000                                             59000                                             -46.20791346523565                                0.002869890105849926+0.003963381083155193i
59250                                             59250                                             -46.20698646527573                                0.0020328982306749843-0.004451639601060987i
59500                                             59500                                             -46.20953361190617                                -0.004873409091152303+4.3082677492756183E-4i
59750                                             59750                                             -46.259468459650684                               0.002811407159183932+0.003969645151197243i
60000                                             60000                                             -46.168499917222796                               0.002184824602236013-0.004403350361886803i
60250                                             60250                                             -46.17740739565993                                -0.004902430453576634+2.8217126553653493E-4i
60500                                             60500                                             -46.177375700708254                               0.0026641404086341636+0.004125042647012966i
60750                                             60750                                             -46.17561656803319                                0.0022759566864927194-0.0043524029507172775i
61000                                             61000                                             -46.17320146499962                                -0.0049101561001463345+1.6485162051549374E-4i
61250                                             61250                                             -46.17041840681611                                0.002563998515334176+0.004192635564076452i
61500                                             61500                                             -46.16754612109112                                0.002385580256780706-0.004298519167477794i
61750                                             61750                                             -46.16461036065036                                -0.004917602671722365+4.227332300876796E-5i
62000                                             62000                                             -46.16165143425958                                0.002460728993811112+0.004259800336769981i
62250                                             62250                                             -46.15865357245659                                0.002495135801527937-0.004241708947121564i
62500                                             62500                                             -46.1557302422359                                 -0.004922145589036919-8.116201184460436E-5i
62750                                             62750                                             -46.152865455578365                               0.002355514322491259+0.0043245401886382595i
63000                                             63000                                             -46.15008695666185                                0.0026032222464111854-0.004181967123638931i
63250                                             63250                                             -46.14732615450216                                -0.00492332993474176-2.04616599330798E-4i
63500                                             63500                                             -46.144804387804                                  0.00224867205859125+0.004386185433302714i
63750                                             63750                                             -46.14238235767371                                0.0027093008251766193-0.004119270655767313i
64000                                             64000                                             -46.1401698549399                                 -0.004920748544826048-3.2760131208897647E-4i
64250                                             64250                                             -46.1382244098606                                 0.0021404525281876197+0.004444147728921433i
64500                                             64500                                             -46.13660277096464                                0.0028125395136080478-0.004053479334199319i
64750                                             64750                                             -46.13544345577075                                -0.004913817037621726-4.4941503740680844E-4i
65000                                             65000                                             -46.13492296216559                                0.002031181498240997+0.004497198201203201i
65250                                             65250                                             -46.135223868136414                               0.002911378832970435-0.00398405272770473i
65500                                             65500                                             -46.13681030520824                                -0.004900684928410559-5.685044532022232E-4i
65750                                             65750                                             -46.1404085913522                                 0.001921476005042888+0.004541770789362465i
66000                                             66000                                             -46.14744707029118                                0.003000169282330045-0.003908881407210476i
66250                                             66250                                             -46.16110429834719                                -0.004872807770567311-6.78144255633617E-4i
66500                                             66500                                             -46.19087770264951                                0.001813886966708922+0.00455506129287131i
66750                                             66750                                             -46.2797333991614                                 0.003019503980772331-0.0037992807595870664i
67000                                             67000                                             -48.1956916088381                                 -0.003873575763935211-3.8215955457387984E-4i
67250                                             67250                                             -45.866336804479076                               0.0017022845347214322+0.004796477544255495i
67500                                             67500                                             -46.017912863830055                               0.0032101274607843067-0.00383543405257357i
67750                                             67750                                             -45.856900158578675                               -0.004950698607222859-0.0012045330515075836i
68000                                             68000                                             -45.97187547722111                                0.00152224516049293+0.004792163327493881i
68250                                             68250                                             -45.988564774072344                               0.0033986353602744046-0.003692474587925521i
68500                                             68500                                             -45.984248768181246                               -0.004890177155972286-0.0011385515309270122i
68750                                             68750                                             -45.51679041060824                                0.0011940513586772283+0.005162297796479365i
69000                                             69000                                             -46.05297226672266                                0.0034290121019520114-0.0036133389772247094i
69250                                             69250                                             -46.038808170141714                               -0.004838574257423622-0.00121803260256792i
69500                                             69500                                             -46.036757478037735                               0.0013131801845228663+0.0048148437345352235i
69750                                             69750                                             -46.04736634403092                                0.003574555757857034-0.0034740387176317i
70000                                             70000                                             -45.990892848966844                               -0.0048607754907448175-0.0012427612180454517i
70250                                             70250                                             -46.011036406593945                               0.0012535754545683897+0.0048459943467193956i
70500                                             70500                                             -46.01284662196061                                0.0036052214975934582-0.003470885960243354i
70750                                             70750                                             -46.012691448003196                               -0.004796022460551441-0.001429592535939772i
71000                                             71000                                             -46.012672621856                                  0.001119264189497482+0.00487779894058904i
71250                                             71250                                             -46.016266415375256                               0.003689253559457928-0.003378515390379877i
71500                                             71500                                             -45.87107065210741                                -0.004814322818630368-0.0016425727072444385i
71750                                             71750                                             -45.98996228109992                                9.940937592073373E-4+0.004918207553483711i
72000                                             72000                                             -45.9916442721734                                 0.003786236786196273-0.0032911472107747764i
72250                                             72250                                             -45.99010459717826                                -0.004731459256368531-0.0016701665255525189i
72500                                             72500                                             -45.98751918400002                                8.81716526915377E-4+0.0049410253037951435i
72750                                             72750                                             -45.98436459773584                                0.0038639937540829727-0.003206089847438406i
73000                                             73000                                             -45.98074123604053                                -0.004697411909765359-0.0017789947916346804i
73250                                             73250                                             -45.97664812780551                                7.724647826334863E-4+0.004965640900572721i
73500                                             73500                                             -45.97181490750191                                0.003938249415003092-0.0031261164141533947i
73750                                             73750                                             -45.96620543862929                                -0.004667154323845235-0.001879563613071955i
74000                                             74000                                             -45.95925787865817                                6.764503580392045E-4+0.004989792942577953i
74250                                             74250                                             -45.950479071325894                               0.004002775186551233-0.003063448230782917i
74500                                             74500                                             -45.93797831733713                                -0.00465442183522069-0.0019535911562618136i
74750                                             74750                                             -45.91805976069373                                6.361567606916196E-4+0.005019222713747995i
75000                                             75000                                             -45.87568626453223                                0.004023479483838965-0.003108034172703174i
75250                                             75250                                             -45.78145695215676                                -0.0048413650297840505-0.001725227251958561i
75500                                             75500                                             -48.16478905737419                                -0.0030414148135815555+0.0024512488660477505i
75750                                             75750                                             -46.16429953729213                                0.004319069205305226-0.002352015139798159i
76000                                             76000                                             -46.073864201072716                               -0.00432298343931159-0.0024509330619260083i
76250                                             76250                                             -46.04123769146873                                7.005574967633432E-5+0.004987642069753662i
76500                                             76500                                             -46.02390148046911                                0.004295174035262583-0.002555872039159285i
76750                                             76750                                             -46.01299044176283                                -0.004357242369426584-0.002461357546329479i
77000                                             77000                                             -46.00536516382641                                2.0723864901928124E-5+0.005008734649453173i
77250                                             77250                                             -45.999744780154685                               0.004345461108645754-0.002497460362146063i
77500                                             77500                                             -45.99549605169947                                -0.004320883823213939-0.002544580691471454i
77750                                             77750                                             -45.992343358134505                               -7.841372532402247E-5+0.005015679355285796i
78000                                             78000                                             -45.989990517408515                               0.004401639187490147-0.0024088164548073244i
78250                                             78250                                             -45.98892787292677                                -0.004267794551282567-0.0026398702640095806i
78500                                             78500                                             -45.98896312029811                                -1.9049668780191098E-4+0.00501462779977091i
78750                                             78750                                             -45.990651413082624                               0.004455206281306356-0.002307407680154734i
79000                                             79000                                             -45.99521434379868                                -0.004202155117799533-0.002736503493483422i
79250                                             79250                                             -46.00507664055628                                -3.089459069266498E-4+0.004999407110756193i
79500                                             79500                                             -46.02878436576428                                0.00449062746298301-0.002187966146617584i
79750                                             79750                                             -46.113873075198455                               -0.004071041654141183-0.0028098791878095053i
80000                                             80000                                             -44.96195403096337                                -4.3954832555925805E-4+0.005630969658254603i
80250                                             80250                                             -45.82311429404498                                0.004640217890028442-0.0021520780529384357i
80500                                             80500                                             -45.87855764829395                                -0.004130511094602163-0.0029614282819667714i
80750                                             80750                                             -45.89749908993006                                -5.405598755670038E-4+0.005042475471939145i
81000                                             81000                                             -45.90648890533571                                0.004648950940011609-0.002013165844751825i
81250                                             81250                                             -45.91139440416679                                -0.004041239113916628-0.0030504088634641935i
81500                                             81500                                             -45.91434139063025                                -6.608176419176104E-4+0.0050182205566629i
81750                                             81750                                             -45.915960378929306                               0.0046904947763382054-0.0018997177587540286i
82000                                             82000                                             -45.91235483430546                                -0.00396762548668661-0.0031446600722573326i
82250                                             82250                                             -46.23967158508522                                -6.440110366101592E-4+0.0048327476753262655i
82500                                             82500                                             -45.728545223647565                               0.004877776325606931-0.001716484080105124i
82750                                             82750                                             -45.8824781349624                                 -0.0038870193992623925-0.00327092519348815i
83000                                             83000                                             -45.896196551381635                               -9.192628333376529E-4+0.004988129353872273i
83250                                             83250                                             -45.90110516521985                                0.004789182881914655-0.0016616693420460908i
83500                                             83500                                             -45.90464367203402                                -0.0038066842545037005-0.003344494531920539i
83750                                             83750                                             -45.915910495310904                               -0.0010284842219154822+0.004955015960889098i
84000                                             84000                                             -45.8855325929824                                 0.004836483883685627-0.0015485962656972153i
84250                                             84250                                             -45.89435702435355                                -0.003729721784231921-0.003438975604597161i
84500                                             84500                                             -45.89563256087981                                -0.001151902720908371+0.004939933185749146i
84750                                             84750                                             -45.89566930522814                                0.004865498492134801-0.0014340594443047613i
85000                                             85000                                             -45.89510960197249                                -0.0036471293478473887-0.003525814195326493i
85250                                             85250                                             -45.893963974696945                               -0.001269355783722892+0.004912071162671561i
85500                                             85500                                             -45.891458140758736                               0.004901195447293283-0.0013163761729488045i
85750                                             85750                                             -45.88209260237584                                -0.003557242596316512-0.0036271459392667182i
86000                                             86000                                             -45.97860527415016                                -0.001211522493088646+0.004875974402135386i
86250                                             86250                                             -45.91670676299187                                0.004904024698348941-0.0012473209833268684i
86500                                             86500                                             -45.914406010374435                               -0.0035084415724473406-0.003648242597759088i
86750                                             86750                                             -45.93169417687082                                -0.0014131279938767172+0.004849755270991407i
87000                                             87000                                             -45.96177083721975                                0.0048786003509770914-0.0012410519860283965i
87250                                             87250                                             -46.37025283519462                                -0.004062464715359759-0.0025617395326693604i
87500                                             87500                                             -45.76762024663179                                -0.001916325601764024+0.00477778340149948i
87750                                             87750                                             -45.82696137174484                                0.00504573169538558-8.24917030433142E-4i
88000                                             88000                                             -45.84295906071799                                -0.0032316643673535594-0.00394969998429584i
88250                                             88250                                             -45.84954850885169                                -0.001823602476841435+0.004762223524379383i
88500                                             88500                                             -45.852802943110675                               0.005038763396114643-7.718050368923955E-4i
88750                                             88750                                             -45.85429112003543                                -0.003160486407544072-0.003998405015942508i
89000                                             89000                                             -45.85478170281619                                -0.0019162366785757667+0.0047223955678521445i
89250                                             89250                                             -45.854769061377326                               0.0050529236386265275-6.640942794793558E-4i
89500                                             89500                                             -45.85426879121116                                -0.0030708968389525637-0.004067633607057752i
89750                                             89750                                             -45.85347955468961                                -0.0020237946237955384+0.004678143530628676i
90000                                             90000                                             -45.853068878966646                               0.005067977141381963-5.466590947405283E-4i
90250                                             90250                                             -45.84930414028954                                -0.0029758677859509364-0.004141252595502021i
90500                                             90500                                             -45.848504564085545                               -0.002135833753524885+0.004631281103323337i
90750                                             90750                                             -45.84684338475651                                0.005083289233320798-4.2505529904335586E-4i
91000                                             91000                                             -45.844909601675624                               -0.0028762647817981435-0.0042141655248240095i
91250                                             91250                                             -45.84247065813934                                -0.0022495917387399533+0.004581053435281923i
91500                                             91500                                             -45.839804123567504                               0.005096298265028221-3.0075729975115106E-4i
91750                                             91750                                             -45.83662030122137                                -0.002773922627297143-0.004288027268212202i
92000                                             92000                                             -45.83289949180637                                -0.002365714291477361+0.004528529078307031i
92250                                             92250                                             -45.8285769095259                                 0.005108869910652736-1.7211240133060146E-4i
92500                                             92500                                             -45.82340926822398                                -0.0026671339050265974-0.004364364994186021i
92750                                             92750                                             -45.81732368877459                                -0.002488283437238059+0.004472853113102193i
93000                                             93000                                             -45.81069482760833                                0.005122203303786765-3.1946798243045274E-5i
93250                                             93250                                             -45.80776918864022                                -0.0025391793275403307-0.004450644547315807i
93500                                             93500                                             -45.863959053439345                               -0.002665212773605985+0.004337602630533066i
93750                                             93750                                             -45.500870453038885                               0.00530828000240291+1.8558876392787525E-5i
94000                                             94000                                             -45.38453031081946                                -0.0025467061197492757-0.004738936183273923i
94250                                             94250                                             -38.16908049665263                                0.0028275877546973804+0.012018414789777276i
94500                                             94500                                             -46.29368796929997                                0.004845069015613213+4.111145226284908E-5i
94750                                             94750                                             -46.07540057357353                                -0.0023576797035934627-0.004373542086921756i
95000                                             95000                                             -46.00455047894001                                -0.0026810836852464437+0.004231353112726932i
95250                                             95250                                             -45.96981159426954                                0.005022760305228857+2.5681932386259254E-4i
95500                                             95500                                             -45.948931125833894                               -0.0022537322603211063-0.00450961999498567i
95750                                             95750                                             -45.93334854335392                                -0.0028196245886819016+0.004190114041779935i
96000                                             96000                                             -45.910245647570164                               0.005048901345849899+3.898526275976712E-4i
96250                                             96250                                             -45.98434901505509                                -0.0021343663524797662-0.004544670567563358i
96500                                             96500                                             -45.94759908396153                                -0.0029135831543847246+0.004115192757969677i
96750                                             96750                                             -45.95714978162838                                0.005011509161023664+5.02698135258417E-4i
97000                                             97000                                             -45.93974606316471                                -0.0020440378596359166-0.004614293115728918i
97250                                             97250                                             -45.97190608150585                                -0.002986095297521918+0.004045382108119888i
97500                                             97500                                             -45.68160384196189                                0.005155696811576238+6.696194446391649E-4i
97750                                             97750                                             -45.91045958618917                                -0.0019655916668220863-0.004666752198045909i
98000                                             98000                                             -45.95593907945717                                -0.003039167379054186+0.0040172707209518155i
98250                                             98250                                             -46.06180642975203                                0.004948240773217094+5.280447290472743E-4i
98500                                             98500                                             -47.69349901849167                                0.0011624089270162452-0.003956852557707169i
98750                                             98750                                             -45.756767141256034                               -0.0034750518435155975+0.003806552031110355i
99000                                             99000                                             -45.840181295088655                               0.005002606491233408+0.0010170427152407047i
99250                                             99250                                             -45.88673795929758                                -0.001626647612140708-0.00481005067112239i
99500                                             99500                                             -45.97152202818183                                -0.003297872585433792+0.0037958073912602863i
99750                                             99750                                             -47.57478807104703                                0.004180382030161134-5.993031243397115E-5i
100000                                            100000                                            -45.63271044034174                                -0.0014034039707455648-0.005036474860287132i
