% Model:              FEM_BEM_model_stl_TwoProlSpheroids_1target.mph
% Version:            COMSOL 6.3.0.335
% Date:               Oct 4 2025, 13:39
% Table:              Table 2 - TS_D_far
% f0 (1/s)               freq (Hz)                TS_Global_var_Point      Ps_Global_var_Point
500                                               500                                               -63.256236859622746                               -3.445595805062762E-4-5.947696649299949E-4i
750                                               750                                               -54.80193848752495                                0.001819263910385338-1.059974006254835E-5i
1000                                              1000                                              -47.34273524815371                                -0.0020784830097791973+0.003757452070213274i
1250                                              1250                                              -38.72695379359337                                -0.006397788827927631-0.009650386870152516i
1500                                              1500                                              -19.235252582583627                               0.07802982250528778-0.07639892579442145i
1750                                              1750                                              -32.49776148571177                                0.015315312826863492-0.018112770202910466i
2000                                              2000                                              -37.28654067554434                                0.0054035812681679785+0.012553405999454759i
2250                                              2250                                              -39.51191811851884                                -0.010523046776017564-0.0010769607101876494i
2500                                              2500                                              -40.81673317370675                                0.005297520528899091-0.007402215550833535i
2750                                              2750                                              -41.67196496800729                                0.0034107780195163917+0.007510841143787417i
3000                                              3000                                              -42.27215463902002                                -0.007660427424599492-7.622171474156508E-4i
3250                                              3250                                              -42.713798295883436                               0.004285742207424392-0.0059300286450847395i
3500                                              3500                                              -43.05050064368444                                0.0028545244301458883+0.0064335836252427114i
3750                                              3750                                              -43.31446125000915                                -0.006786244770506933-7.516032230091314E-4i
4000                                              4000                                              -43.52617057103035                                0.00397165251160847-0.005350324620473357i
4250                                              4250                                              -43.69926611547542                                0.002565832845102811+0.006006801376406967i
4500                                              4500                                              -43.84315337519561                                -0.006374378266188474-8.012938145120789E-4i
4750                                              4750                                              -43.9645141329632                                 0.0038540404269787887-0.005028291193637235i
5000                                              5000                                              -44.0682134947771                                 0.0023672639672067675+0.005795374617045823i
5250                                              5250                                              -44.157869293732766                               -0.006134120369993834-8.729957847460713E-4i
5500                                              5500                                              -44.23622145068503                                0.0038160404889853172-0.004810509744512803i
5750                                              5750                                              -44.30537776477724                                0.0022075375232244454+0.005677527908015678i
6000                                              6000                                              -44.36698399127667                                -0.005972647139595999-9.551770946677261E-4i
6250                                              6250                                              -44.42233956447167                                0.0038166765805064395-0.004642682637268081i
6500                                              6500                                              -44.472483050925355                               0.0020669068709622263+0.005606670919028334i
6750                                              6750                                              -44.51825282295488                                -0.005851872488987775-0.0010431283973402585i
7000                                              7000                                              -44.56038071009837                                0.0038380735026100066-0.004501182172012008i
7250                                              7250                                              -44.59943395717684                                0.0019363612209555292+0.005561358628725088i
7500                                              7500                                              -44.635760628713484                               -0.0057534574212592116-0.0011344934198070397i
7750                                              7750                                              -44.66975196465357                                0.0038712878571905973-0.004374285104341569i
8000                                              8000                                              -44.70082518848346                                0.0018114459948398443+0.005531423087085097i
8250                                              8250                                              -44.73118418120178                                -0.005668612376935611-0.001228338846393867i
8500                                              8500                                              -44.760095099256375                               0.003912053071281063-0.004256126522722559i
8750                                              8750                                              -44.78777323941561                                0.0016894502949005297+0.005509285349591941i
9000                                              9000                                              -44.81416794094223                                -0.005590526297849507-0.0013233591097127156i
9250                                              9250                                              -44.839424271190104                               0.003956613015401733-0.0041423534963891395i
9500                                              9500                                              -44.86386157031453                                0.0015690740720081253+0.0054925188952947845i
9750                                              9750                                              -44.88794759666757                                -0.005516745884337482-0.0014194393099639258i
10000                                             10000                                             -44.91143267192883                                0.004003295710980348-0.004030870391041885i
10250                                             10250                                             -44.934362927448575                               0.001449309703174806+0.00547757597029741i
10500                                             10500                                             -44.95684523017943                                -0.005444345376398596-0.001515808077891002i
10750                                             10750                                             -44.978951709892684                               0.004050767424540469-0.0039201649417397455i
11000                                             11000                                             -45.00068983145275                                0.0013297041760840234+0.005463482484341364i
11250                                             11250                                             -45.02212593809304                                -0.0053723626908863675-0.0016123886996095799i
11500                                             11500                                             -45.043324823523264                               0.004098402309382632-0.0038094589474069185i
11750                                             11750                                             -45.06430361407475                                0.0012099285629979528+0.005449227246118182i
12000                                             12000                                             -45.085107479745204                               -0.005299863841812247-0.0017089615902083346i
12250                                             12250                                             -45.10577656160252                                0.004145574192077062-0.003698120086159662i
12500                                             12500                                             -45.126304620074855                               0.0010897819683303167+0.005434033524182036i
12750                                             12750                                             -45.146745188576844                               -0.005226176901812485-0.001805322616756741i
13000                                             13000                                             -45.166941275374356                               0.004191936163666643-0.00358579780154189i
13250                                             13250                                             -45.187254312878345                               9.691620113050359E-4+0.0054174719208877065i
13500                                             13500                                             -45.20752679812402                                -0.005150929404434956-0.0019013547113617647i
13750                                             13750                                             -45.22777243699331                                0.004236923277775584-0.0034721021641759275i
14000                                             14000                                             -45.24802362716366                                8.480335018795637E-4+0.00539891232010925i
14250                                             14250                                             -45.268268381350666                               -0.00507360042060756-0.0019967699107644845i
14500                                             14500                                             -45.2885362055644                                 0.004280331107991975-0.0033569125645671605i
14750                                             14750                                             -45.3088439657413                                 7.264131356432557E-4+0.005378138990125292i
15000                                             15000                                             -45.329204019508175                               -0.0049940167571982386-0.0020914352374215247i
15250                                             15250                                             -45.34963479688525                                0.004321855610336933-0.003240106113039376i
15500                                             15500                                             -45.37016239740821                                6.043591403520621E-4+0.00535480071356953i
15750                                             15750                                             -45.390803000571125                               -0.004911902100057652-0.002185102349126699i
16000                                             16000                                             -45.41156786263929                                0.004361121170945448-0.0031215733775846743i
16250                                             16250                                             -45.43250021740455                                4.8198293981227547E-4+0.005328507100743618i
16500                                             16500                                             -45.453636477213486                               -0.004826959068537917-0.002277451731928566i
16750                                             16750                                             -45.475033861518114                               0.00439762415592182-0.0030012026095926903i
17000                                             17000                                             -45.49674233436728                                3.5946951595089427E-4+0.005298656409741254i
17250                                             17250                                             -45.51882677173474                                -0.004738658605973889-0.0023679169707209596i
17500                                             17500                                             -45.54140397240256                                0.0044304700219349735-0.002878775367337605i
17750                                             17750                                             -45.56462179776354                                2.3714394378482329E-4+0.005264155129203196i
18000                                             18000                                             -45.588679214734                                  -0.004645971141586935-0.00245542817373606i
18250                                             18250                                             -45.613845642583286                               0.004457692233886257-0.0027538336674404196i
18500                                             18500                                             -45.640640821208                                  1.1577297579501433E-4+0.005222293367163067i
18750                                             18750                                             -45.669569346388116                               -0.004546131715532642-0.0025371815757182525i
19000                                             19000                                             -45.701837975931696                               0.004473736449611687-0.0026248127161898616i
19250                                             19250                                             -45.73937543524316                                -2.5088685851049064E-6+0.0051645344293582696i
19500                                             19500                                             -45.78595494976716                                -0.0044285297247814714-0.002603076017942103i
19750                                             19750                                             -45.850059862426484                               0.004453141538340866-0.0024841029914179913i
20000                                             20000                                             -45.95535404966122                                -1.0516106012103954E-4+0.005036602227997955i
20250                                             20250                                             -46.2007418839237                                 -0.004180858210234284-0.0025504227801857937i
20500                                             20500                                             -48.314946475344044                               0.003324582477184923-0.001920265197191684i
20750                                             20750                                             -44.87473358680237                                -4.1473663554558726E-4+0.005690006014397175i
21000                                             21000                                             -45.37519324345532                                -0.004469576182986046-0.003004731281575053i
21250                                             21250                                             -45.52417119973931                                0.0047661138897120425-0.0023046827979544826i
21500                                             21500                                             -45.602508809979234                               -4.18744676733418E-4+0.005229821606644869i
21750                                             21750                                             -45.65453521508302                                -0.004272090631773917-0.0029912935582103884i
22000                                             22000                                             -45.693795512535914                               0.0047219723643854294-0.0021579631010626432i
22250                                             22250                                             -45.72578271812921                                -5.307876970145342E-4+0.005145318041177571i
22500                                             22500                                             -45.75313441774482                                -0.004153176705862238-0.0030560068098517304i
22750                                             22750                                             -45.777297078670294                               0.004726491365009133-0.0020250475660066325i
23000                                             23000                                             -45.79902782123632                                -6.491889545295892E-4+0.00508793889489878i
23250                                             23250                                             -45.81880434787226                                -0.004047102073639897-0.0031320925873145225i
23500                                             23500                                             -45.83691322855353                                0.0047417412392142255-0.0018963004723815402i
23750                                             23750                                             -45.85347619396131                                -7.682321276680781E-4+0.00503890971097487i
24000                                             24000                                             -45.86853969009141                                -0.003946905868795758-0.0032113497959797644i
24250                                             24250                                             -45.88203922318199                                0.004761629641392151-0.0017712602708275238i
24500                                             24500                                             -45.893769498841465                               -8.856937484591487E-4+0.004995638741889241i
24750                                             24750                                             -45.9035662495677                                 -0.003853256501668012-0.0032916977047624542i
25000                                             25000                                             -45.91091175333311                                0.0047862343728499734-0.0016527000959720706i
25250                                             25250                                             -45.91526877774436                                -9.98736997870342E-4+0.0049614787924590065i
25500                                             25500                                             -45.91556001502874                                -0.0037730510533073858-0.0033728497670772167i
25750                                             25750                                             -45.91008741960236                                0.004821054757367382-0.00154975971979332i
26000                                             26000                                             -45.89591319963061                                -0.0010996158663179045+0.004951666599367632i
26250                                             26250                                             -45.867444624914086                               -0.0037347181214675285-0.0034567677314797525i
26500                                             26500                                             -45.81265770062309                                0.0048950832638589015-0.0015047561484682337i
26750                                             26750                                             -45.70008233558837                                -0.0011430883697483019+0.0050604532157938475i
27000                                             27000                                             -45.41319283214732                                -0.004008520954890127-0.0035615442873653605i
27250                                             27250                                             -43.872498004687685                               0.00576459599834489-0.0027868002545616832i
27500                                             27500                                             -48.290552543860095                               -0.0019235481488966144+0.0033351547660209757i
27750                                             27750                                             -46.937298668474234                               -0.002798108051760284-0.003523261316371964i
28000                                             28000                                             -46.66395394476639                                0.004577465067914788-7.775743329940799E-4i
28250                                             28250                                             -46.55368386150535                                -0.0016207899701914386+0.004414206900832385i
28500                                             28500                                             -46.49824337750938                                -0.0030235008543821884-0.0036407019816315444i
28750                                             28750                                             -46.46774765098884                                0.00468491970360696-7.782117428745128E-4i
29000                                             29000                                             -46.45049230361125                                -0.0016995872952119129+0.004444691115518262i
29250                                             29250                                             -46.44123433328156                                -0.002976338128740652-0.003719356055249484i
29500                                             29500                                             -46.43702974558388                                0.004716856982056594-6.822303449005584E-4i
29750                                             29750                                             -46.436167189072805                               -0.0018032384775934496+0.004412144689230901i
30000                                             30000                                             -46.43765713887856                                -0.0028875238464454167-0.003791187538972518i
30250                                             30250                                             -46.44078782091184                                0.004730301878846932-5.646020159233434E-4i
30500                                             30500                                             -46.445095186434415                               -0.0019131779719100406+0.0043602504400330755i
30750                                             30750                                             -46.45029621399033                                -0.0027839231436177503-0.0038593614031925457i
31000                                             31000                                             -46.456139093869055                               0.0047351824294550315-4.387488163004605E-4i
31250                                             31250                                             -46.46244940215284                                -0.002024963438904126+0.004298969788896212i
31500                                             31500                                             -46.46910102749104                                -0.0026729484743637233-0.003924589818626749i
31750                                             31750                                             -46.47598744573622                                0.004734537604633715-3.0901278848527447E-4i
32000                                             32000                                             -46.48304477887136                                -0.0021369468902854294+0.004231813058253042i
32250                                             32250                                             -46.49020617032427                                -0.002557511231521259-0.003987090460166029i
32500                                             32500                                             -46.49738158536466                                0.004729619265711471-1.7724158887233443E-4i
32750                                             32750                                             -46.504645342613024                               -0.0022483270972706304+0.004160324918328628i
33000                                             33000                                             -46.511933820062225                               -0.002438977965346645-0.004046871051735088i
33250                                             33250                                             -46.51921189504101                                0.004720849593958798-4.44394501530887E-5i
33500                                             33500                                             -46.52648821031251                                -0.0023585145547622144+0.004085155246569272i
33750                                             33750                                             -46.53376160322669                                -0.00231803512082962-0.00410372555374487i
34000                                             34000                                             -46.541057675588                                  0.004708361974797848+8.882680344046712E-5i
34250                                             34250                                             -46.54840949168055                                -0.002467098350866781+0.0040065545399592395i
34500                                             34500                                             -46.555845298308455                               -0.002194991645843025-0.0041573058714407364i
34750                                             34750                                             -46.563462441138306                               0.004691810856904954+2.2217508087729598E-4i
35000                                             35000                                             -46.571313358453324                               -0.002573517711118578+0.003924233723318071i
35250                                             35250                                             -46.57969060033332                                -0.0020696422012744797-0.004206750021048749i
35500                                             35500                                             -46.58881090587725                                0.0046698758617763625+3.554060916344248E-4i
35750                                             35750                                             -46.599174079383346                               -0.002676581811486556+0.0038363637761162916i
36000                                             36000                                             -46.61162015210505                                -0.0019402094431075767-0.004249087572278808i
36250                                             36250                                             -46.627979933757196                               0.004636604567018199+4.888949530712505E-4i
36500                                             36500                                             -46.652240239066444                               -0.002771690802058635+0.0037327954902577343i
36750                                             36750                                             -46.69615217127259                                -0.0017920359764889149-0.0042646428445550395i
37000                                             37000                                             -46.81395790333745                                0.004519485436876858+6.325915364979728E-4i
37250                                             37250                                             -49.0369608685227                                 -0.002521774310187963+0.0024745144048043954i
37500                                             37500                                             -46.27040764820948                                -0.0018174875544840763-0.004505475088680794i
37750                                             37750                                             -46.430286959888164                               0.004713404368966723+7.302673088405154E-4i
38000                                             38000                                             -46.47863638312326                                -0.00301034415290391+0.0036654381632417188i
38250                                             38250                                             -46.50004227867225                                -0.001624105428982281-0.004444015639289914i
38500                                             38500                                             -46.50921648759808                                0.004648687419558928+8.540828200953587E-4i
38750                                             38750                                             -46.50941627366777                                -0.003090908473513121+0.003575613141432177i
39000                                             39000                                             -46.49863825710649                                -0.001527135685286396-0.004479072299017661i
39250                                             39250                                             -46.46517788061287                                0.004659063463388624+9.276654845846721E-4i
39500                                             39500                                             -46.34018975992448                                -0.0031188636294310346+0.0036741043471733015i
39750                                             39750                                             -48.26187855073425                                0.001269919372537398-0.0036481218678840644i
40000                                             40000                                             -46.798144392247714                               0.0043761392071378635+0.0013233653238131637i
40250                                             40250                                             -46.70613952386199                                -0.0033336056626420696+0.003199451772251116i
40500                                             40500                                             -46.67507688123801                                -0.001097224649843076-0.004505414987055968i
40750                                             40750                                             -46.660162854005456                               0.004450158599850207+0.0013314366003103206i
41000                                             41000                                             -46.65174192659582                                -0.0034051978672955396+0.0031659342917267352i
41250                                             41250                                             -46.64647921052917                                -0.0010023824740856835-0.004543121691313544i
41500                                             41500                                             -46.64296147687892                                0.0044250579691623715+0.0014426109552934108i
41750                                             41750                                             -46.64049037681119                                -0.0034907680760531967+0.0030804434415276916i
42000                                             42000                                             -46.63868017209624                                -8.802495617410422E-4-0.004572613087277098i
42250                                             42250                                             -46.63735561972004                                0.004386146323578921+0.0015658749797031746i
42500                                             42500                                             -46.6363705935099                                 -0.003578703517520543+0.0029812824915209646i
42750                                             42750                                             -46.635805275975024                               -7.46515554561622E-4-0.004597902012085986i
43000                                             43000                                             -46.63573929594493                                0.004337619994926323+0.0016980491200080383i
43250                                             43250                                             -46.636509162824986                               -0.0036717466301183777+0.00286578935606574i
43500                                             43500                                             -46.63913324325098                                -5.847238401635035E-4-0.00461946596196112i
43750                                             43750                                             -46.647225563213155                               0.004252987382991069+0.0018849679658594631i
44000                                             44000                                             -46.67480940711342                                -0.003979125104514036+0.002381292483416564i
44250                                             44250                                             -46.55805970366216                                -7.202088363078563E-4-0.0046444820446743225i
44500                                             44500                                             -46.595020433372945                               0.004303876993699829+0.0018383030360058505i
44750                                             44750                                             -46.60201573017982                                -0.0037846102080990596+0.0027466688757249447i
45000                                             45000                                             -46.60396161677535                                -4.2941236851889997E-4-0.004655456334587964i
45250                                             45250                                             -46.60409258225524                                0.004224735847993544+0.002002152979191374i
45500                                             45500                                             -46.603354632484226                               -0.0038738484798600537+0.002618018665695443i
45750                                             45750                                             -46.60211090264376                                -2.8381870949001353E-4-0.004667593820803959i
46000                                             46000                                             -46.60051234757772                                0.004164336818532344+0.002129162816433272i
46250                                             46250                                             -46.59867192538574                                -0.003951186680814511+0.0025044822342057405i
46500                                             46500                                             -46.59666623873739                                -1.4890644664533603E-4-0.004676777031642779i
46750                                             46750                                             -46.594479488195795                               0.0041046650734344325+0.0022488148379684603i
47000                                             47000                                             -46.59216657520889                                -0.004023522835655546+0.002393402760619834i
47250                                             47250                                             -46.58975509445252                                -1.7364866689018044E-5-0.004682839353134253i
47500                                             47500                                             -46.58724766178392                                0.004043568751802007+0.002364635784485314i
47750                                             47750                                             -46.58464112726857                                -0.004092075958478381+0.002282550765086988i
48000                                             48000                                             -46.58199048354088                                1.1238549740832937E-4-0.004685712024618924i
48250                                             48250                                             -46.57923353506362                                0.003980510115456082+0.0024775022069656316i
48500                                             48500                                             -46.57647796803118                                -0.004157111139818648+0.002171372166354102i
48750                                             48750                                             -46.573645427773435                               2.407365232159897E-4-0.004685384419033379i
49000                                             49000                                             -46.5708033752601                                 0.003915325670919567+0.002587549967980607i
49250                                             49250                                             -46.56793771423104                                -0.004218672822869918+0.002059739672727323i
49500                                             49500                                             -46.56506601919072                                3.677317928607593E-4-0.0046817816514438i
49750                                             49750                                             -46.562209178188866                               0.0038480077539621016+0.0026947457741899328i
50000                                             50000                                             -46.55939781525965                                -0.004276605723091409+0.0019477557881897312i
50250                                             50250                                             -46.556606169036115                               4.930560025928621E-4-0.004674848071530909i
50500                                             50500                                             -46.55388359049962                                0.0037787032050123903+0.0027986725208262175i
50750                                             50750                                             -46.55127868547786                                -0.004330587331075053+0.0018358772965409997i
51000                                             51000                                             -46.54877318145476                                6.1602079501899E-4-0.004664516912703548i
51250                                             51250                                             -46.54646057270014                                0.0037078222638237124+0.0028984555989153282i
51500                                             51500                                             -46.54440470767402                                -0.004379860682607317+0.0017251952296737372i
51750                                             51750                                             -46.542646403390606                               7.347539738633557E-4-0.004650654596976813i
52000                                             52000                                             -46.541331628068576                               0.0036366365697787506+0.0029916614606384506i
52250                                             52250                                             -46.54058743723981                                -0.004422247248447864+0.001619473151454054i
52500                                             52500                                             -46.54067447843492                                8.416731173910286E-4-0.0046335845597485405i
52750                                             52750                                             -46.541784450638836                               0.003574007548254321+0.0030658313521947367i
53000                                             53000                                             -46.54297549509525                                -0.004443232002560027+0.0015570681350884907i
53250                                             53250                                             -46.50122245279369                                6.551237634266904E-4-0.004685266648898236i
53500                                             53500                                             -46.68308288263512                                0.003237064664463052+0.0033142836210919846i
53750                                             53750                                             -46.25363321257018                                -0.0046186179065932365+0.00153696961324723i
54000                                             54000                                             -46.48177323838865                                0.0010800217931761225-0.004616808193603974i
54250                                             54250                                             -46.52884619811004                                0.0034229717006145632+0.003243805042768555i
54500                                             54500                                             -46.584806399264416                               -0.004489621854505965+0.0013407400031861805i
54750                                             54750                                             -46.755160378045126                               9.508774142852339E-4-0.004495066688674791i
55000                                             55000                                             -45.762503452668994                               8.632621655568773E-4+0.005077946063181127i
55250                                             55250                                             -46.214410460502                                  -0.0048139923957746245+8.569375070321961E-4i
55500                                             55500                                             -46.30841392346359                                0.0015747732718396357-0.004573511200445805i
55750                                             55750                                             -46.32645708670816                                0.00314639706601727+0.003660614438794063i
56000                                             56000                                             -46.53246824626021                                -0.0045418939857488905+0.001261612332315032i
56250                                             56250                                             -46.404835832553104                               0.001533487999827443-0.004531180492967115i
56500                                             56500                                             -46.39905919727009                                0.0031200635528472187+0.0036302676414301516i
56750                                             56750                                             -46.39747316261897                                -0.004712391859174048+8.457968023123374E-4i
57000                                             57000                                             -46.39620456532679                                0.0016615937365793698-0.0044908587306512725i
57250                                             57250                                             -46.39474646750749                                0.0030282829842936954+0.00371024357882499i
57500                                             57500                                             -46.39299067723605                                -0.004734452481197637+7.284501936766219E-4i
57750                                             57750                                             -46.390960970876456                               0.0017737034184506228-0.004450885585917449i
58000                                             58000                                             -46.38877140226033                                0.0029371639408470873+0.0037869580240934564i
58250                                             58250                                             -46.38642306246763                                -0.0047547033512646+6.109024956402198E-4i
58500                                             58500                                             -46.38406942438575                                0.0018853611873481668-0.004408886084582058i
58750                                             58750                                             -46.381816433448876                               0.0028445364512574844+0.0038617880315894304i
59000                                             59000                                             -46.3799211387052                                 -0.0047718938480045825+4.938270833032554E-4i
59250                                             59250                                             -46.37899028203114                                0.001993047440362883-0.004364347770323962i
59500                                             59500                                             -46.38156309261493                                0.0027547020647694653+0.003926544658594544i
59750                                             59750                                             -46.431468932093054                               -0.004748548741373426+4.410955725453469E-4i
60000                                             60000                                             -46.34049595226648                                0.0021419979503334297-0.004317008269011694i
60250                                             60250                                             -46.34941208305232                                0.00264272736288651+0.004024062116986249i
60500                                             60500                                             -46.34937814065044                                -0.004808296911334997+2.3988703630739572E-4i
60750                                             60750                                             -46.347614837002666                               0.0022313366523585287-0.004267061514082916i
61000                                             61000                                             -46.34520339640574                                0.002546896824939804+0.004088137946683945i
61250                                             61250                                             -46.34242116286414                                -0.004816596500545334+1.2173996933317888E-4i
61500                                             61500                                             -46.339585019950576                               0.002338802486490099-0.0042142129082704i
61750                                             61750                                             -46.3365938124987                                 0.00244648141286552+0.004154554261953658i
62000                                             62000                                             -46.33363402324931                                -0.004823011383764397+1.1265946453509201E-6i
62250                                             62250                                             -46.33067585844192                                0.002446214119611323-0.004158524535664216i
62500                                             62500                                             -46.32774757659605                                0.0023439009560449753+0.00421890014352666i
62750                                             62750                                             -46.324838610120565                               -0.004826408085506495-1.1992626416379437E-4i
63000                                             63000                                             -46.32208017446768                                0.0025521891557578336-0.00409996793457599i
63250                                             63250                                             -46.31935927868912                                0.0022396681481406944+0.004280410032864168i
63500                                             63500                                             -46.31680793386816                                -0.004826356596843162-2.408731061553926E-4i
63750                                             63750                                             -46.31437663874932                                0.002656184302096687-0.004038502121519479i
64000                                             64000                                             -46.31218990870699                                0.0021339805786335653+0.004338514581858632i
64250                                             64250                                             -46.310209649602534                               -0.004822531189013768-3.6115966522420884E-4i
64500                                             64500                                             -46.30860407683627                                0.0027573985008189084-0.003973996057842856i
64750                                             64750                                             -46.30746291248122                                0.002027145734717628+0.004392347858261925i
65000                                             65000                                             -46.30690579245864                                -0.0048140100781912665-4.7994661065420274E-4i
65250                                             65250                                             -46.307221798010914                               0.002854296115661903-0.0039059355483402032i
65500                                             65500                                             -46.30880082028973                                0.0019196119497577602+0.0044395857091816815i
65750                                             65750                                             -46.312410597975855                               -0.004798065579308952-5.949459800702606E-4i
66000                                             66000                                             -46.3194502408302                                 0.002941346455465066-0.0038322337724732915i
66250                                             66250                                             -46.333111996412825                               0.0018128638295450417+0.004469648871208154i
66500                                             66500                                             -46.3629139500711                                 -0.004756594330396213-6.927845332072025E-4i
66750                                             66750                                             -46.45171477791741                                0.0029603123359978056-0.003724789113864856i
67000                                             67000                                             -48.36800940225252                                0.0015742986733902065+0.003476039002758835i
67250                                             67250                                             -46.03834719316354                                -0.004906870305806943-9.059087715423964E-4i
67500                                             67500                                             -46.189924339880115                               0.0031471625196677344-0.0037602413422346916i
67750                                             67750                                             -46.028918755978694                               0.0014041087799232521+0.004793812393116825i
68000                                             68000                                             -46.143736389352725                               -0.004815047320033683-0.001056618797001807i
68250                                             68250                                             -46.16042371805476                                0.003331998633882005-0.0036201814342607746i
68500                                             68500                                             -46.156398222619714                               0.0014303478850008489+0.004710040581901165i
68750                                             68750                                             -45.688763440383354                               -0.004968368398172718-0.001516704357396037i
69000                                             69000                                             -46.224976865034755                               0.003361780192456809-0.003542484854658119i
69250                                             69250                                             -46.21082863758403                                0.0013376762723671387+0.004705232589691244i
69500                                             69500                                             -46.2087582861751                                 -0.004731733186069675-0.0012452720390132566i
69750                                             69750                                             -46.21936618300937                                0.0035044582064602814-0.0034059316752263103i
70000                                             70000                                             -46.16289828260257                                0.001327564954187177+0.004736212654637972i
70250                                             70250                                             -46.183067814033045                               -0.004728950408500188-0.001311131188747039i
70500                                             70500                                             -46.184840504782024                               0.003534535369675851-0.0034028324892388254i
70750                                             70750                                             -46.184711060625354                               0.0011371989717623432+0.0047728089450249644i
71000                                             71000                                             -46.18465408557057                                -0.004690137133678274-0.0014407831929075243i
71250                                             71250                                             -46.1882901435943                                 0.003616911927983857-0.0033122566569350346i
71500                                             71500                                             -46.04298272566419                                9.652719295843992E-4+0.004892824923485861i
71750                                             71750                                             -46.161968205635766                               -0.004663074655303356-0.0015668617370956373i
72000                                             72000                                             -46.16363450532801                                0.003712007886369495-0.0032266136100885844i
72250                                             72250                                             -46.16209955908981                                9.013097856447327E-4+0.004835931111063507i
72500                                             72500                                             -46.15953863165058                                -0.004627355727226945-0.001673451981204499i
72750                                             72750                                             -46.15639173716582                                0.003788231621204563-0.003143201349482311i
73000                                             73000                                             -46.15276691938266                                7.922197445886514E-4+0.004860353243812954i
73250                                             73250                                             -46.148686788662516                               -0.00459468536592178-0.0017782873743044103i
73500                                             73500                                             -46.14381147186501                                0.003861027343687873-0.003064828168759691i
73750                                             73750                                             -46.13821796524276                                6.919748202466325E-4+0.004883973077013382i
74000                                             74000                                             -46.13129301982144                                -0.004568113179603817-0.0018716819112973848i
74250                                             74250                                             -46.12247890842711                                0.003924295037949221-0.0030033766181256213i
74500                                             74500                                             -46.109983548135574                               6.228972034227898E-4+0.004909452542550818i
74750                                             74750                                             -46.09005924867111                                -0.004573382801636994-0.001920289076556836i
75000                                             75000                                             -46.04768524730477                                0.003944590626625555-0.003047092754983161i
75250                                             75250                                             -45.95348416207536                                9.083959410266518E-4+0.00495622506437865i
75500                                             75500                                             -48.335277587428706                               -5.931363471489703E-4-0.003784126366995766i
75750                                             75750                                             -46.336338891434764                               0.004234370567923751-0.002305875715731012i
76000                                             76000                                             -46.24584190091784                                3.81565587598276E-5+0.004871857595611928i
76250                                             76250                                             -46.21320344415846                                -0.004269093453998507-0.002385445780561657i
76500                                             76500                                             -46.19591596742587                                0.0042109462879080795-0.0025057592429413326i
76750                                             76750                                             -46.18498419232712                                4.6095630087950035E-5+0.004906046065783487i
77000                                             77000                                             -46.17735305326194                                -0.00426280372241572-0.0024376733021469477i
77250                                             77250                                             -46.17173143649903                                0.004260271217093603-0.00244848310387843i
77500                                             77500                                             -46.16749869704354                                -4.2374994066451954E-5+0.004915966687069062i
77750                                             77750                                             -46.16434150474818                                -0.004220096771617721-0.002525249202756097i
78000                                             78000                                             -46.16201648037273                                0.00431532681745006-0.0023615686338866564i
78250                                             78250                                             -46.16089520112108                                -1.4931851729516055E-4+0.004917621838973485i
78500                                             78500                                             -46.16100490831893                                -0.004164251387339668-0.002619866315489716i
78750                                             78750                                             -46.1626930727587                                 0.004367834448559815-0.0022621459898405486i
79000                                             79000                                             -46.16722813074685                                -2.635210671009247E-4+0.004909234818817332i
79250                                             79250                                             -46.17708140596643                                -0.0040932582578839805-0.0027130226461391516i
79500                                             79500                                             -46.200804846409575                               0.004402567653827294-0.002145059922896252i
79750                                             79750                                             -46.28587576253648                                -3.9010861661026297E-4+0.0048338873740505495i
80000                                             80000                                             -45.13424311589708                                -0.004565314678151022-0.003133392994175699i
80250                                             80250                                             -45.99512736054933                                0.004549233646844453-0.0021098663195964844i
80500                                             80500                                             -46.05053441452103                                -4.89636334005672E-4+0.004958682478178877i
80750                                             80750                                             -46.06949630227262                                -0.004016328044215145-0.002930736661715949i
81000                                             81000                                             -46.0785023686187                                 0.004557789668224732-0.0019736899775486586i
81250                                             81250                                             -46.08343758709207                                -6.089419120114403E-4+0.004926466412286112i
81500                                             81500                                             -46.086407411387825                               -0.0039367297843151405-0.0030209594206076495i
81750                                             81750                                             -46.087910556410904                               0.004598555104839974-0.0018624733461315413i
82000                                             82000                                             -46.08437691337809                                -7.250247632178963E-4+0.004910182451683953i
82250                                             82250                                             -46.41184859546543                                -0.0037874830038031604-0.0029156875412272854i
82500                                             82500                                             -45.90055867248484                                0.004782132426195407-0.0016828134076151138i
82750                                             82750                                             -46.05447083011978                                -8.717886083919879E-4+0.0049036482640041346i
83000                                             83000                                             -46.06824609478828                                -0.0037844819694099474-0.0032256660997043163i
83250                                             83250                                             -46.07311964601911                                0.004695272647836646-0.0016290818194758512i
83500                                             83500                                             -46.07666078940363                                -9.736236156021594E-4+0.004871490392349687i
83750                                             83750                                             -46.08790526830706                                -0.003702873917277305-0.003302161525831071i
84000                                             84000                                             -46.057527330681                                  0.0047416565552516055-0.0015182302148013377i
84250                                             84250                                             -46.066373445365166                               -0.0010915316424414678+0.004852468315635905i
84500                                             84500                                             -46.06765972976446                                -0.003629540081973026-0.0033995592570112976i
84750                                             84750                                             -46.06764861322177                                0.004770112242091784-0.0014059362890266644i
85000                                             85000                                             -46.06710816847962                                -0.0012057680855576125+0.0048249174806502815i
85250                                             85250                                             -46.06593918051273                                -0.003548345587839341-0.0034856286970752492i
85500                                             85500                                             -46.06344294972274                                0.004805108596528385-0.0012905500819257831i
85750                                             85750                                             -46.05407745507933                                -0.0013358712708827492+0.0047982785018219065i
86000                                             86000                                             -46.15063895351774                                -0.0035460441600021486-0.003418786610942526i
86250                                             86250                                             -46.088671443813816                               0.00480789337405918-0.0012228511931830033i
86500                                             86500                                             -46.08642308219707                                -0.0013777041352247554+0.0047671668399362765i
86750                                             86750                                             -46.10369388827158                                -0.003424947097668829-0.0035771436795839495i
87000                                             87000                                             -46.133756397415915                               0.0047829504287721925-0.001216723812053864i
87250                                             87250                                             -46.542295634747745                               -1.8346004439506736E-4+0.004704953193873651i
87500                                             87500                                             -45.93962396904001                                -0.0031171708274380094-0.003969099873996074i
87750                                             87750                                             -45.99890253197362                                0.00494683663024853-8.087150559879977E-4i
88000                                             88000                                             -46.01492668576376                                -0.00176932418823883+0.004679975531934888i
88250                                             88250                                             -46.02161008019627                                -0.003149395771528951-0.0038827170850186388i
88500                                             88500                                             -46.02482877650189                                0.004939954212590525-7.566511296774981E-4i
88750                                             88750                                             -46.02628267059691                                -0.0018455782573811863+0.00464339850843043i
89000                                             89000                                             -46.02677791977703                                -0.0030701852083120373-0.003941880846208834i
89250                                             89250                                             -46.02678546509692                                0.004953837013066398-6.510893137255037E-4i
89500                                             89500                                             -46.02625886418587                                -0.0019483026950928295+0.004601256598191217i
89750                                             89750                                             -46.02548180330521                                -0.0029798950501480626-0.004011500824019354i
90000                                             90000                                             -46.02506214633364                                0.004968607372946021-5.3597321464587E-4i
90250                                             90250                                             -46.021321406759355                               -0.0020574227535569145+0.004556627997520657i
90500                                             90500                                             -46.02060133860547                                -0.0028851361021764443-0.004083623570688699i
90750                                             90750                                             -46.018838901787106                               0.0049836217376308944-4.1671768473884087E-4i
91000                                             91000                                             -46.01687349445026                                -0.0021681036827037037+0.004507858318281155i
91250                                             91250                                             -46.014453033281455                               -0.0027867817609772416-0.004155629525726123i
91500                                             91500                                             -46.01176864646388                                0.004996393834633128-2.948512003058853E-4i
91750                                             91750                                             -46.00858207822148                                -0.0022809950058377826+0.004457167016097552i
92000                                             92000                                             -46.0049252718137                                 -0.002685257830079002-0.004228449349624741i
92250                                             92250                                             -46.00058703743752                                0.005008692729935316-1.6871975458658607E-4i
92500                                             92500                                             -45.9953818401664                                 -0.002398124257807499+0.004403928839991078i
92750                                             92750                                             -45.98932878806324                                -0.0025778946454418916-0.004305243303448503i
93000                                             93000                                             -45.98270300134572                                0.005021765220780683-3.1317893575591266E-5i
93250                                             93250                                             -45.979721429167775                               -0.00253412982272605+0.004337581406987923i
93500                                             93500                                             -46.035950727953015                               -0.0023763529956866147-0.004389161199574998i
93750                                             93750                                             -45.672856648718465                               0.005204206455522442+1.8181978923115723E-5i
94000                                             94000                                             -45.55662151236056                                -0.002775145650135702+0.004485234866802301i
94250                                             94250                                             -38.34610988203763                                -0.01158868008101499-0.003471489896439417i
94500                                             94500                                             -46.465672932078796                               0.00475007781225445+4.029979599025513E-5i
94750                                             94750                                             -46.247404710789965                               -0.002557597726740579+0.004145673189109855i
95000                                             95000                                             -46.176528024982375                               -0.0022783536401838056-0.004350566941496714i
95250                                             95250                                             -46.14182046513781                                0.004924272242290417+2.5177342381055745E-4i
95500                                             95500                                             -46.120929453777265                               -0.002724100739720514+0.004124118323617365i
95750                                             95750                                             -46.105343311579226                               -0.0021754160143577783-0.004447973870697064i
96000                                             96000                                             -46.0822878001822                                 0.004949881222149344+3.8220667624562233E-4i
96250                                             96250                                             -46.15633901028553                                -0.0028123348507047563+0.004039985198672769i
96500                                             96500                                             -46.11963379773705                                -0.0020657663056034004-0.004490988255839712i
96750                                             96750                                             -46.12913834955685                                0.0049132522188632954+4.928468029992874E-4i
97000                                             97000                                             -46.111699963670844                               -0.0029157482812541824+0.003997431657898343i
97250                                             97250                                             -46.14389620863509                                -0.0019709306845999697-0.004518369391054433i
97500                                             97500                                             -45.85353060649345                                0.005054645642155187+6.565238758926962E-4i
97750                                             97750                                             -46.0824339904959                                 -0.0029987686037485917+0.003956508974040096i
98000                                             98000                                             -46.12793795186892                                -0.001921063473125928-0.00454963744606629i
98250                                             98250                                             -46.233848282794405                               0.004851195598853941+5.176828910405331E-4i
98500                                             98500                                             -47.86261649978074                                -0.003930429243484412+9.539563909422011E-4i
98750                                             98750                                             -45.92862935480394                                -0.0015284707990892432-0.004816518214345589i
99000                                             99000                                             -46.0121779027304                                 0.004904519702308985+9.971030629033148E-4i
99250                                             99250                                             -46.05870413559211                                -0.0032866071573767197+0.003738960724403162i
99500                                             99500                                             -46.14353955416306                                -0.0016062031726993276-0.004660722773197623i
99750                                             99750                                             -47.74641489220012                                0.00409859401854229-5.857924337123842E-5i
100000                                            100000                                            -45.80468417453226                                -0.0035882509252460615+0.0036604345645174785i
